3868655368.329000	1.396806
3868655368.829000	1.391735
3868655369.330000	1.396806
3868655369.829000	1.396806
3868655370.330000	1.391735
3868655370.829000	1.396806
3868655371.329000	1.396806
3868655371.829000	1.396806
3868655372.329000	1.396806
3868655372.829000	1.391735
3868655373.329000	1.391735
3868655373.829000	1.391735
3868655374.329000	1.396806
3868655374.830000	1.396806
3868655375.329000	1.396806
3868655375.830000	1.396806
3868655376.330000	1.391735
3868655376.829000	1.391735
3868655377.329000	1.396806
3868655377.829000	1.391735
3868655378.330000	1.391735
3868655378.829000	1.391735
3868655379.329000	1.396806
3868655379.829000	1.396806
3868655380.329000	1.396806
3868655380.829000	1.391735
3868655381.329000	1.396806
3868655381.831000	1.391735
3868655382.329000	1.391735
3868655382.829000	1.396806
3868655383.329000	1.396806
3868655383.829000	1.391735
3868655384.330000	1.396806
3868655384.830000	1.396806
3868655385.330000	1.396806
3868655385.829000	1.391735
3868655386.330000	1.391735
3868655386.829000	1.391735
3868655387.330000	1.391735
3868655387.831000	1.391735
3868655388.329000	1.396806
3868655388.830000	1.396806
3868655389.330000	1.396806
3868655389.830000	1.396806
3868655390.330000	1.391735
3868655390.830000	1.396806
3868655391.330000	1.396806
3868655391.835000	1.396806
3868655392.329000	1.396806
3868655392.830000	1.391735
3868655393.330000	1.396806
3868655393.829000	1.391735
3868655394.330000	1.391735
3868655394.830000	1.391735
3868655395.331000	1.396806
3868655395.830000	1.396806
3868655396.330000	1.396806
3868655396.830000	1.396806
3868655397.455000	1.391735
3868655397.831000	1.396806
3868655398.329000	1.396806
3868655398.829000	1.391735
3868655399.329000	1.396806
3868655399.829000	1.391735
3868655400.331000	1.396806
3868655400.829000	1.396806
3868655401.330000	1.396806
3868655401.831000	1.396806
3868655402.330000	1.391735
3868655402.830000	1.396806
3868655403.330000	1.391735
3868655403.830000	1.391735
3868655404.330000	1.396806
3868655404.829000	1.391735
3868655405.329000	1.396806
3868655405.830000	1.396806
3868655406.332000	1.396806
3868655406.833000	1.391735
3868655407.329000	1.396806
3868655407.829000	1.391735
3868655408.330000	1.396806
3868655408.829000	1.396806
3868655409.329000	1.391735
3868655409.840000	1.396806
3868655410.330000	1.391735
3868655410.830000	1.391735
3868655411.331000	1.396806
3868655411.829000	1.391735
3868655412.329000	1.391735
3868655412.829000	1.396806
3868655413.329000	1.396806
3868655413.829000	1.391735
3868655414.329000	1.396806
3868655414.829000	1.396806
3868655415.329000	1.396806
3868655415.829000	1.396806
3868655416.329000	1.396806
3868655416.829000	1.391735
3868655417.329000	1.391735
3868655417.829000	1.391735
3868655418.329000	1.391735
3868655418.829000	1.396806
3868655419.329000	1.396806
3868655419.829000	1.391735
3868655420.329000	1.396806
3868655420.834000	1.391735
3868655421.329000	1.396806
3868655421.829000	1.391735
3868655422.330000	1.391735
3868655422.830000	1.396806
3868655423.332000	1.391735
3868655423.831000	1.396806
3868655424.331000	1.391735
3868655424.831000	1.396806
3868655425.331000	1.391735
3868655425.832000	1.396806
3868655426.330000	1.396806
3868655426.829000	1.391735
3868655427.331000	1.396806
3868655427.829000	1.391735
3868655428.329000	1.396806
3868655428.829000	1.391735
3868655429.329000	1.396806
3868655429.829000	1.391735
3868655430.330000	1.391735
3868655430.829000	1.391735
3868655431.329000	1.391735
3868655431.829000	1.391735
3868655432.329000	1.391735
3868655432.829000	1.396806
3868655433.329000	1.391735
3868655433.829000	1.391735
3868655434.329000	1.391735
3868655434.829000	1.391735
3868655435.331000	1.391735
3868655435.829000	1.391735
3868655436.329000	1.391735
3868655436.829000	1.391735
3868655437.329000	1.391735
3868655437.829000	1.391735
3868655438.329000	1.391735
3868655438.829000	1.391735
3868655439.329000	1.396806
3868655439.830000	1.391735
3868655440.336000	1.396806
3868655440.832000	1.396806
3868655441.331000	1.396806
3868655441.830000	1.396806
3868655442.329000	1.396806
3868655442.829000	1.396806
3868655443.330000	1.391735
3868655443.830000	1.396806
3868655444.330000	1.391735
3868655444.830000	1.396806
3868655445.331000	1.391735
3868655445.829000	1.391735
3868655446.329000	1.396806
3868655446.829000	1.396806
3868655447.329000	1.391735
3868655447.832000	1.396806
3868655448.331000	1.396806
3868655448.830000	1.396806
3868655449.329000	1.396806
3868655449.830000	1.396806
3868655450.330000	1.391735
3868655450.829000	1.391735
3868655451.329000	1.396806
3868655451.830000	1.391735
3868655452.332000	1.391735
3868655452.831000	1.391735
3868655453.329000	1.391735
3868655453.830000	1.396806
3868655454.332000	1.391735
3868655454.830000	1.391735
3868655455.331000	1.391735
3868655455.832000	1.391735
3868655456.329000	1.396806
3868655456.831000	1.396806
3868655457.330000	1.391735
3868655457.830000	1.396806
3868655458.330000	1.391735
3868655458.831000	1.396806
3868655459.331000	1.396806
3868655459.829000	1.391735
3868655460.330000	1.396806
3868655460.830000	1.396806
3868655461.331000	1.396806
3868655461.830000	1.396806
3868655462.329000	1.391735
3868655462.829000	1.396806
3868655463.329000	1.391735
3868655463.830000	1.391735
3868655464.331000	1.391735
3868655464.829000	1.391735
3868655465.329000	1.391735
3868655465.829000	1.396806
3868655466.332000	1.396806
3868655466.829000	1.396806
3868655467.329000	1.396806
3868655467.829000	1.391735
3868655468.330000	1.396806
3868655468.829000	1.396806
3868655469.329000	1.391735
3868655469.830000	1.391735
3868655470.332000	1.391735
3868655470.830000	1.391735
3868655471.329000	1.396806
3868655471.829000	1.391735
3868655472.331000	1.396806
3868655472.832000	1.391735
3868655473.331000	1.391735
3868655473.831000	1.391735
3868655474.329000	1.396806
3868655474.829000	1.396806
3868655475.331000	1.391735
3868655475.830000	1.391735
3868655476.330000	1.396806
3868655476.830000	1.396806
3868655477.329000	1.391735
3868655477.829000	1.396806
3868655478.330000	1.396806
3868655478.830000	1.391735
3868655479.330000	1.391735
3868655479.833000	1.391735
3868655480.330000	1.391735
3868655480.833000	1.391735
3868655481.330000	1.391735
3868655481.831000	1.396806
3868655482.330000	1.391735
3868655482.830000	1.396806
3868655483.332000	1.391735
3868655483.830000	1.391735
3868655484.329000	1.396806
3868655484.831000	1.391735
3868655485.329000	1.391735
3868655485.829000	1.396806
3868655486.329000	1.391735
3868655486.829000	1.391735
3868655487.329000	1.396806
3868655487.831000	1.391735
3868655488.329000	1.391735
3868655488.829000	1.396806
3868655489.329000	1.396806
3868655489.829000	1.391735
3868655490.330000	1.391735
3868655490.829000	1.391735
3868655491.330000	1.391735
3868655491.830000	1.396806
3868655492.329000	1.391735
3868655492.830000	1.396806
3868655493.330000	1.396806
3868655493.830000	1.391735
3868655494.331000	1.396806
3868655494.829000	1.396806
3868655495.331000	1.396806
3868655495.830000	1.396806
3868655496.330000	1.391735
3868655496.829000	1.391735
3868655497.331000	1.396806
3868655497.830000	1.391735
3868655498.330000	1.396806
3868655498.831000	1.396806
3868655499.332000	1.391735
3868655499.829000	1.391735
3868655500.330000	1.396806
3868655500.831000	1.391735
3868655501.332000	1.391735
3868655501.831000	1.391735
3868655502.329000	1.391735
3868655502.830000	1.396806
3868655503.330000	1.396806
3868655503.830000	1.391735
3868655504.329000	1.396806
3868655504.830000	1.391735
3868655505.330000	1.391735
3868655505.831000	1.391735
3868655506.329000	1.396806
3868655506.829000	1.396806
3868655507.330000	1.396806
3868655507.829000	1.391735
3868655508.332000	1.391735
3868655508.829000	1.396806
3868655509.334000	1.396806
3868655509.830000	1.396806
3868655510.329000	1.396806
3868655510.830000	1.396806
3868655511.330000	1.396806
3868655511.830000	1.396806
3868655512.332000	1.391735
3868655512.831000	1.396806
3868655513.329000	1.391735
3868655513.832000	1.391735
3868655514.331000	1.396806
3868655514.832000	1.391735
3868655515.330000	1.396806
3868655515.829000	1.391735
3868655516.329000	1.391735
3868655516.829000	1.396806
3868655517.329000	1.396806
3868655517.829000	1.391735
3868655518.329000	1.396806
3868655518.830000	1.396806
3868655519.330000	1.396806
3868655519.831000	1.396806
3868655520.329000	1.391735
3868655520.829000	1.396806
3868655521.329000	1.396806
3868655521.830000	1.391735
3868655522.331000	1.396806
3868655522.829000	1.391735
3868655523.329000	1.391735
3868655523.831000	1.391735
3868655524.329000	1.391735
3868655524.831000	1.391735
3868655525.329000	1.391735
3868655525.830000	1.396806
3868655526.330000	1.396806
3868655526.832000	1.396806
3868655527.330000	1.391735
3868655527.829000	1.391735
3868655528.329000	1.396806
3868655528.831000	1.396806
3868655529.331000	1.396806
3868655529.830000	1.391735
3868655530.329000	1.391735
3868655530.829000	1.391735
3868655531.330000	1.396806
3868655531.830000	1.391735
3868655532.329000	1.391735
3868655532.830000	1.396806
3868655533.330000	1.391735
3868655533.831000	1.391735
3868655534.332000	1.396806
3868655534.830000	1.396806
3868655535.330000	1.391735
3868655535.831000	1.391735
3868655536.330000	1.396806
3868655536.830000	1.391735
3868655537.329000	1.391735
3868655537.830000	1.391735
3868655538.329000	1.391735
3868655538.831000	1.396806
3868655539.329000	1.396806
3868655539.829000	1.396806
3868655540.330000	1.391735
3868655540.832000	1.391735
3868655541.331000	1.391735
3868655541.830000	1.391735
3868655542.329000	1.391735
3868655542.830000	1.391735
3868655543.331000	1.391735
3868655543.829000	1.391735
3868655544.330000	1.396806
3868655544.829000	1.396806
3868655545.330000	1.396806
3868655545.830000	1.391735
3868655546.332000	1.391735
3868655546.830000	1.396806
3868655547.333000	1.391735
3868655547.829000	1.391735
3868655548.330000	1.396806
3868655548.830000	1.391735
3868655549.331000	1.391735
3868655549.829000	1.396806
3868655550.329000	1.396806
3868655550.829000	1.391735
3868655551.329000	1.391735
3868655551.829000	1.391735
3868655552.329000	1.391735
3868655552.829000	1.391735
3868655553.329000	1.396806
3868655553.829000	1.391735
3868655554.331000	1.391735
3868655554.830000	1.396806
3868655555.330000	1.391735
3868655555.830000	1.396806
3868655556.329000	1.391735
3868655556.830000	1.391735
3868655557.329000	1.391735
3868655557.831000	1.391735
3868655558.330000	1.391735
3868655558.831000	1.396806
3868655559.330000	1.396806
3868655559.830000	1.396806
3868655560.329000	1.391735
3868655560.829000	1.391735
3868655561.330000	1.391735
3868655561.830000	1.396806
3868655562.329000	1.396806
3868655562.830000	1.391735
3868655563.330000	1.396806
3868655563.829000	1.396806
3868655564.331000	1.391735
3868655564.833000	1.391735
3868655565.329000	1.396806
3868655565.830000	1.391735
3868655566.329000	1.396806
3868655566.829000	1.391735
3868655567.329000	1.391735
3868655567.830000	1.396806
3868655568.331000	1.391735
3868655568.830000	1.396806
3868655569.329000	1.396806
3868655569.829000	1.391735
3868655570.330000	1.391735
3868655570.829000	1.396806
3868655571.333000	1.396806
3868655571.830000	1.396806
3868655572.329000	1.391735
3868655572.832000	1.391735
3868655573.330000	1.396806
3868655573.829000	1.396806
3868655574.329000	1.391735
3868655574.829000	1.391735
3868655575.329000	1.391735
3868655575.830000	1.396806
3868655576.331000	1.396806
3868655576.830000	1.391735
3868655577.330000	1.391735
3868655577.829000	1.391735
3868655578.329000	1.391735
3868655578.829000	1.391735
3868655579.329000	1.391735
3868655579.830000	1.396806
3868655580.332000	1.396806
3868655580.833000	1.391735
3868655581.329000	1.396806
3868655581.829000	1.391735
3868655582.329000	1.391735
3868655582.829000	1.396806
3868655583.330000	1.396806
3868655583.830000	1.391735
3868655584.330000	1.391735
3868655584.830000	1.396806
3868655585.330000	1.396806
3868655585.829000	1.391735
3868655586.329000	1.391735
3868655586.832000	1.391735
3868655587.330000	1.391735
3868655587.833000	1.391735
3868655588.329000	1.391735
3868655588.830000	1.391735
3868655589.330000	1.396806
3868655589.831000	1.391735
3868655590.329000	1.396806
3868655590.830000	1.391735
3868655591.331000	1.396806
3868655591.829000	1.391735
3868655592.329000	1.396806
3868655592.830000	1.391735
3868655593.341000	1.391735
3868655593.829000	1.396806
3868655594.329000	1.391735
3868655594.830000	1.396806
3868655595.329000	1.391735
3868655595.829000	1.396806
3868655596.331000	1.396806
3868655596.829000	1.391735
3868655597.334000	1.391735
3868655597.831000	1.391735
3868655598.329000	1.396806
3868655598.829000	1.391735
3868655599.329000	1.391735
3868655599.829000	1.396806
3868655600.329000	1.391735
3868655600.829000	1.391735
3868655601.329000	1.391735
3868655601.829000	1.391735
3868655602.331000	1.396806
3868655602.829000	1.396806
3868655603.329000	1.396806
3868655603.830000	1.396806
3868655604.331000	1.391735
3868655604.832000	1.391735
3868655605.330000	1.396806
3868655605.829000	1.391735
3868655606.330000	1.391735
3868655606.831000	1.391735
3868655607.331000	1.391735
3868655607.830000	1.396806
3868655608.329000	1.396806
3868655608.829000	1.396806
3868655609.329000	1.391735
3868655609.834000	1.391735
3868655610.332000	1.396806
3868655610.829000	1.396806
3868655611.331000	1.391735
3868655611.830000	1.391735
3868655612.331000	1.391735
3868655612.830000	1.391735
3868655613.330000	1.396806
3868655613.829000	1.391735
3868655614.330000	1.396806
3868655614.829000	1.391735
3868655615.330000	1.391735
3868655615.831000	1.391735
3868655616.329000	1.391735
3868655616.831000	1.396806
3868655617.329000	1.391735
3868655617.829000	1.396806
3868655618.330000	1.391735
3868655618.829000	1.396806
3868655619.330000	1.391735
3868655619.830000	1.396806
3868655620.329000	1.391735
3868655620.831000	1.391735
3868655621.330000	1.396806
3868655621.830000	1.396806
3868655622.330000	1.391735
3868655622.833000	1.391735
3868655623.331000	1.391735
3868655623.835000	1.396806
3868655624.330000	1.391735
3868655624.831000	1.396806
3868655625.333000	1.396806
3868655625.830000	1.396806
3868655626.329000	1.396806
3868655626.829000	1.391735
3868655627.329000	1.391735
3868655627.834000	1.396806
3868655628.331000	1.391735
3868655628.831000	1.391735
3868655629.330000	1.391735
3868655629.831000	1.391735
3868655630.330000	1.396806
3868655630.829000	1.396806
3868655631.330000	1.391735
3868655631.831000	1.396806
3868655632.330000	1.396806
3868655632.831000	1.396806
3868655633.329000	1.396806
3868655633.829000	1.391735
3868655634.334000	1.391735
3868655634.831000	1.391735
3868655635.331000	1.391735
3868655635.829000	1.391735
3868655636.330000	1.396806
3868655636.829000	1.391735
3868655637.330000	1.396806
3868655637.830000	1.391735
3868655638.329000	1.396806
3868655638.832000	1.391735
3868655639.330000	1.396806
3868655639.830000	1.396806
3868655640.329000	1.396806
3868655640.830000	1.391735
3868655641.329000	1.391735
3868655641.829000	1.391735
3868655642.329000	1.391735
3868655642.829000	1.391735
3868655643.331000	1.391735
3868655643.829000	1.391735
3868655644.329000	1.391735
3868655644.829000	1.391735
3868655645.329000	1.396806
3868655645.831000	1.391735
3868655646.331000	1.396806
3868655646.830000	1.391735
3868655647.330000	1.396806
3868655647.830000	1.391735
3868655648.329000	1.396806
3868655648.830000	1.391735
3868655649.330000	1.396806
3868655649.829000	1.391735
3868655650.330000	1.396806
3868655650.829000	1.391735
3868655651.329000	1.396806
3868655651.830000	1.396806
3868655652.331000	1.396806
3868655652.830000	1.391735
3868655653.330000	1.391735
3868655653.830000	1.391735
3868655654.329000	1.391735
3868655654.833000	1.396806
3868655655.329000	1.391735
3868655655.829000	1.396806
3868655656.330000	1.391735
3868655656.833000	1.391735
3868655657.329000	1.396806
3868655657.830000	1.396806
3868655658.329000	1.391735
3868655658.830000	1.391735
3868655659.329000	1.396806
3868655659.830000	1.391735
3868655660.329000	1.391735
3868655660.833000	1.396806
3868655661.333000	1.391735
3868655661.830000	1.391735
3868655662.329000	1.396806
3868655662.830000	1.391735
3868655663.331000	1.391735
3868655663.830000	1.391735
3868655664.329000	1.396806
3868655664.830000	1.396806
3868655665.330000	1.391735
3868655665.829000	1.391735
3868655666.332000	1.391735
3868655666.829000	1.396806
3868655667.329000	1.396806
3868655667.829000	1.391735
3868655668.331000	1.396806
3868655668.829000	1.396806
3868655669.330000	1.396806
3868655669.831000	1.391735
3868655670.331000	1.396806
3868655670.834000	1.391735
3868655671.329000	1.391735
3868655671.830000	1.391735
3868655672.329000	1.396806
3868655672.832000	1.396806
3868655673.329000	1.391735
3868655673.830000	1.396806
3868655674.329000	1.391735
3868655674.829000	1.391735
3868655675.330000	1.391735
3868655675.833000	1.391735
3868655676.329000	1.396806
3868655676.829000	1.391735
3868655677.330000	1.396806
3868655677.831000	1.391735
3868655678.330000	1.396806
3868655678.830000	1.391735
3868655679.329000	1.396806
3868655679.830000	1.391735
3868655680.329000	1.396806
3868655680.829000	1.391735
3868655681.329000	1.396806
3868655681.830000	1.391735
3868655682.330000	1.396806
3868655682.831000	1.396806
3868655683.331000	1.396806
3868655683.831000	1.396806
3868655684.331000	1.391735
3868655684.830000	1.396806
3868655685.330000	1.396806
3868655685.830000	1.391735
3868655686.330000	1.391735
3868655686.829000	1.391735
3868655687.330000	1.391735
3868655687.829000	1.391735
3868655688.332000	1.396806
3868655688.832000	1.396806
3868655689.329000	1.391735
3868655689.830000	1.396806
3868655690.334000	1.391735
3868655690.830000	1.396806
3868655691.329000	1.391735
3868655691.830000	1.391735
3868655692.330000	1.396806
3868655692.829000	1.396806
3868655693.329000	1.396806
3868655693.829000	1.396806
3868655694.329000	1.391735
3868655694.829000	1.396806
3868655695.329000	1.391735
3868655695.831000	1.391735
3868655696.329000	1.396806
3868655696.829000	1.391735
3868655697.330000	1.396806
3868655697.829000	1.391735
3868655698.329000	1.396806
3868655698.829000	1.391735
3868655699.329000	1.391735
3868655699.832000	1.396806
3868655700.332000	1.396806
3868655700.829000	1.391735
3868655701.329000	1.396806
3868655701.830000	1.391735
3868655702.329000	1.391735
3868655702.829000	1.396806
3868655703.330000	1.396806
3868655703.829000	1.391735
3868655704.330000	1.396806
3868655704.833000	1.396806
3868655705.334000	1.396806
3868655705.831000	1.396806
3868655706.330000	1.396806
3868655706.831000	1.391735
3868655707.329000	1.391735
3868655707.831000	1.391735
3868655708.331000	1.391735
3868655708.830000	1.396806
3868655709.329000	1.391735
3868655709.830000	1.391735
3868655710.330000	1.396806
3868655710.830000	1.396806
3868655711.333000	1.391735
3868655711.829000	1.396806
3868655712.330000	1.396806
3868655712.830000	1.396806
3868655713.329000	1.391735
3868655713.829000	1.391735
3868655714.331000	1.391735
3868655714.829000	1.391735
3868655715.330000	1.391735
3868655715.829000	1.396806
3868655716.329000	1.391735
3868655716.828000	1.391735
3868655717.330000	1.391735
3868655717.829000	1.391735
3868655718.329000	1.391735
3868655718.833000	1.396806
3868655719.329000	1.391735
3868655719.833000	1.391735
3868655720.330000	1.391735
3868655720.829000	1.396806
3868655721.330000	1.396806
3868655721.829000	1.391735
3868655722.329000	1.396806
3868655722.829000	1.396806
3868655723.330000	1.396806
3868655723.831000	1.391735
3868655724.329000	1.396806
3868655724.831000	1.396806
3868655725.330000	1.391735
3868655725.831000	1.396806
3868655726.329000	1.396806
3868655726.830000	1.391735
3868655727.330000	1.396806
3868655727.828000	1.391735
3868655728.330000	1.391735
3868655728.829000	1.391735
3868655729.330000	1.391735
3868655729.833000	1.396806
3868655730.330000	1.391735
3868655730.830000	1.396806
3868655731.329000	1.391735
3868655731.829000	1.396806
3868655732.329000	1.391735
3868655732.832000	1.391735
3868655733.329000	1.396806
3868655733.831000	1.396806
3868655734.331000	1.391735
3868655734.829000	1.396806
3868655735.329000	1.391735
3868655735.829000	1.391735
3868655736.331000	1.396806
3868655736.829000	1.391735
3868655737.330000	1.391735
3868655737.829000	1.391735
3868655738.330000	1.396806
3868655738.829000	1.391735
3868655739.329000	1.391735
3868655739.831000	1.391735
3868655740.329000	1.396806
3868655740.831000	1.391735
3868655741.329000	1.391735
3868655741.830000	1.396806
3868655742.330000	1.391735
3868655742.829000	1.396806
3868655743.329000	1.391735
3868655743.829000	1.391735
3868655744.332000	1.391735
3868655744.829000	1.396806
3868655745.329000	1.391735
3868655745.829000	1.396806
3868655746.329000	1.391735
3868655746.830000	1.391735
3868655747.330000	1.396806
3868655747.830000	1.396806
3868655748.329000	1.391735
3868655748.831000	1.396806
3868655749.332000	1.396806
3868655749.830000	1.391735
3868655750.329000	1.391735
3868655750.830000	1.391735
3868655751.331000	1.391735
3868655751.830000	1.396806
3868655752.334000	1.391735
3868655752.831000	1.391735
3868655753.329000	1.391735
3868655753.829000	1.391735
3868655754.332000	1.396806
3868655754.829000	1.391735
3868655755.329000	1.396806
3868655755.832000	1.396806
3868655756.331000	1.396806
3868655756.829000	1.396806
3868655757.331000	1.391735
3868655757.829000	1.391735
3868655758.329000	1.396806
3868655758.832000	1.391735
3868655759.329000	1.391735
3868655759.831000	1.391735
3868655760.329000	1.391735
3868655760.829000	1.396806
3868655761.330000	1.396806
3868655761.831000	1.396806
3868655762.329000	1.396806
3868655762.830000	1.391735
3868655763.330000	1.396806
3868655763.832000	1.391735
3868655764.330000	1.391735
3868655764.832000	1.396806
3868655765.329000	1.396806
3868655765.829000	1.391735
3868655766.330000	1.391735
3868655766.830000	1.391735
3868655767.329000	1.391735
3868655767.829000	1.391735
3868655768.330000	1.391735
3868655768.831000	1.391735
3868655769.329000	1.391735
3868655769.830000	1.391735
3868655770.331000	1.396806
3868655770.829000	1.391735
3868655771.329000	1.391735
3868655771.832000	1.396806
3868655772.330000	1.396806
3868655772.830000	1.396806
3868655773.331000	1.391735
3868655773.831000	1.396806
3868655774.330000	1.396806
3868655774.831000	1.391735
3868655775.330000	1.391735
3868655775.829000	1.391735
3868655776.329000	1.391735
3868655776.832000	1.391735
3868655777.330000	1.391735
3868655777.830000	1.391735
3868655778.334000	1.391735
3868655778.834000	1.396806
3868655779.329000	1.391735
3868655779.830000	1.391735
3868655780.329000	1.391735
3868655780.829000	1.391735
3868655781.330000	1.396806
3868655781.829000	1.396806
3868655782.329000	1.391735
3868655782.831000	1.396806
3868655783.329000	1.396806
3868655783.829000	1.391735
3868655784.330000	1.391735
3868655784.831000	1.391735
3868655785.329000	1.396806
3868655785.829000	1.396806
3868655786.330000	1.391735
3868655786.829000	1.391735
3868655787.329000	1.396806
3868655787.830000	1.391735
3868655788.329000	1.396806
3868655788.829000	1.391735
3868655789.329000	1.396806
3868655789.828000	1.391735
3868655790.329000	1.391735
3868655790.829000	1.396806
3868655791.331000	1.396806
3868655791.831000	1.396806
3868655792.329000	1.391735
3868655792.829000	1.391735
3868655793.331000	1.396806
3868655793.831000	1.391735
3868655794.330000	1.391735
3868655794.828000	1.396806
3868655795.328000	1.391735
3868655795.830000	1.396806
3868655796.329000	1.391735
3868655796.829000	1.396806
3868655797.329000	1.391735
3868655797.829000	1.391735
3868655798.329000	1.391735
3868655798.829000	1.391735
3868655799.329000	1.391735
3868655799.833000	1.391735
3868655800.331000	1.391735
3868655800.829000	1.391735
3868655801.329000	1.391735
3868655801.829000	1.396806
3868655802.329000	1.396806
3868655802.829000	1.396806
3868655803.330000	1.391735
3868655803.829000	1.396806
3868655804.329000	1.396806
3868655804.831000	1.391735
3868655805.329000	1.396806
3868655805.829000	1.391735
3868655806.329000	1.391735
3868655806.829000	1.396806
3868655807.329000	1.396806
3868655807.831000	1.396806
3868655808.329000	1.396806
3868655808.830000	1.396806
3868655809.330000	1.396806
3868655809.829000	1.391735
3868655810.329000	1.391735
3868655810.828000	1.396806
3868655811.330000	1.391735
3868655811.830000	1.391735
3868655812.329000	1.391735
3868655812.829000	1.396806
3868655813.330000	1.396806
3868655813.829000	1.391735
3868655814.335000	1.391735
3868655814.830000	1.396806
3868655815.330000	1.396806
3868655815.833000	1.391735
3868655816.330000	1.391735
3868655816.830000	1.391735
3868655817.331000	1.391735
3868655817.829000	1.391735
3868655818.331000	1.396806
3868655818.832000	1.391735
3868655819.329000	1.396806
3868655819.829000	1.396806
3868655820.331000	1.391735
3868655820.829000	1.396806
3868655821.328000	1.391735
3868655821.829000	1.396806
3868655822.331000	1.391735
3868655822.830000	1.391735
3868655823.329000	1.391735
3868655823.829000	1.396806
3868655824.329000	1.391735
3868655824.829000	1.391735
3868655825.330000	1.391735
3868655825.830000	1.396806
3868655826.331000	1.396806
3868655826.828000	1.391735
3868655827.329000	1.391735
3868655827.829000	1.396806
3868655828.329000	1.391735
3868655828.830000	1.391735
3868655829.328000	1.391735
3868655829.829000	1.391735
3868655830.330000	1.391735
3868655830.831000	1.391735
3868655831.330000	1.391735
3868655831.830000	1.391735
3868655832.329000	1.396806
3868655832.829000	1.396806
3868655833.329000	1.391735
3868655833.831000	1.396806
3868655834.329000	1.391735
3868655834.831000	1.396806
3868655835.329000	1.391735
3868655835.830000	1.391735
3868655836.330000	1.396806
3868655836.829000	1.391735
3868655837.331000	1.391735
3868655837.832000	1.396806
3868655838.329000	1.391735
3868655838.829000	1.391735
3868655839.329000	1.396806
3868655839.829000	1.396806
3868655840.331000	1.396806
3868655840.829000	1.396806
3868655841.330000	1.391735
3868655841.830000	1.396806
3868655842.329000	1.391735
3868655842.829000	1.391735
3868655843.329000	1.391735
3868655843.829000	1.391735
3868655844.330000	1.391735
3868655844.828000	1.391735
3868655845.331000	1.391735
3868655845.829000	1.396806
3868655846.329000	1.396806
3868655846.833000	1.396806
3868655847.330000	1.396806
3868655847.829000	1.396806
3868655848.329000	1.396806
3868655848.829000	1.396806
3868655849.329000	1.396806
3868655849.830000	1.391735
3868655850.329000	1.396806
3868655850.830000	1.391735
3868655851.329000	1.391735
3868655851.830000	1.391735
3868655852.329000	1.396806
3868655852.829000	1.391735
3868655853.331000	1.396806
3868655853.830000	1.391735
3868655854.329000	1.391735
3868655854.829000	1.396806
3868655855.331000	1.391735
3868655855.833000	1.396806
3868655856.329000	1.391735
3868655856.829000	1.391735
3868655857.329000	1.391735
3868655857.829000	1.396806
3868655858.331000	1.396806
3868655858.829000	1.396806
3868655859.329000	1.391735
3868655859.829000	1.391735
3868655860.330000	1.396806
3868655860.829000	1.391735
3868655861.328000	1.391735
3868655861.832000	1.391735
3868655862.329000	1.391735
3868655862.829000	1.391735
3868655863.332000	1.391735
3868655863.829000	1.391735
3868655864.330000	1.391735
3868655864.830000	1.391735
3868655865.330000	1.396806
3868655865.831000	1.391735
3868655866.332000	1.396806
3868655866.830000	1.391735
3868655867.329000	1.396806
3868655867.829000	1.391735
3868655868.330000	1.391735
3868655868.829000	1.391735
3868655869.329000	1.396806
3868655869.829000	1.396806
3868655870.329000	1.391735
3868655870.829000	1.391735
3868655871.331000	1.391735
3868655871.829000	1.391735
3868655872.330000	1.396806
3868655872.830000	1.391735
3868655873.329000	1.391735
3868655873.829000	1.391735
3868655874.329000	1.396806
3868655874.829000	1.396806
3868655875.330000	1.391735
3868655875.832000	1.391735
3868655876.328000	1.391735
3868655876.829000	1.391735
3868655877.329000	1.396806
3868655877.830000	1.391735
3868655878.329000	1.391735
3868655878.829000	1.391735
3868655879.330000	1.386664
3868655879.829000	1.391735
3868655880.329000	1.396806
3868655880.829000	1.396806
3868655881.332000	1.391735
3868655881.829000	1.391735
3868655882.329000	1.391735
3868655882.829000	1.391735
3868655883.329000	1.396806
3868655883.830000	1.391735
3868655884.331000	1.396806
3868655884.830000	1.391735
3868655885.330000	1.396806
3868655885.829000	1.396806
3868655886.330000	1.396806
3868655886.829000	1.396806
3868655887.330000	1.396806
3868655887.829000	1.391735
3868655888.331000	1.391735
3868655888.831000	1.391735
3868655889.329000	1.391735
3868655889.829000	1.391735
3868655890.329000	1.391735
3868655890.830000	1.396806
3868655891.329000	1.391735
3868655891.829000	1.396806
3868655892.329000	1.396806
3868655892.829000	1.396806
3868655893.329000	1.391735
3868655893.832000	1.391735
3868655894.329000	1.396806
3868655894.830000	1.396806
3868655895.330000	1.396806
3868655895.832000	1.396806
3868655896.331000	1.391735
3868655896.829000	1.391735
3868655897.329000	1.391735
3868655897.830000	1.391735
3868655898.329000	1.396806
3868655898.830000	1.391735
3868655899.329000	1.391735
3868655899.830000	1.396806
3868655900.330000	1.396806
3868655900.831000	1.391735
3868655901.329000	1.391735
3868655901.830000	1.391735
3868655902.330000	1.391735
3868655902.833000	1.391735
3868655903.330000	1.391735
3868655903.829000	1.396806
3868655904.329000	1.391735
3868655904.830000	1.391735
3868655905.332000	1.396806
3868655905.832000	1.391735
3868655906.329000	1.396806
3868655906.829000	1.391735
3868655907.331000	1.391735
3868655907.829000	1.396806
3868655908.329000	1.391735
3868655908.829000	1.391735
3868655909.329000	1.391735
3868655909.830000	1.396806
3868655910.330000	1.391735
3868655910.830000	1.396806
3868655911.329000	1.391735
3868655911.830000	1.391735
3868655912.330000	1.391735
3868655912.829000	1.396806
3868655913.329000	1.396806
3868655913.829000	1.396806
3868655914.329000	1.391735
3868655914.832000	1.391735
3868655915.330000	1.391735
3868655915.829000	1.396806
3868655916.329000	1.391735
3868655916.829000	1.396806
3868655917.330000	1.396806
3868655917.829000	1.391735
3868655918.329000	1.391735
3868655918.828000	1.391735
3868655919.332000	1.391735
3868655919.831000	1.391735
3868655920.329000	1.391735
3868655920.831000	1.396806
3868655921.330000	1.396806
3868655921.829000	1.396806
3868655922.329000	1.391735
3868655922.829000	1.391735
3868655923.329000	1.396806
3868655923.830000	1.391735
3868655924.331000	1.391735
3868655924.830000	1.396806
3868655925.331000	1.391735
3868655925.829000	1.391735
3868655926.329000	1.396806
3868655926.829000	1.396806
3868655927.329000	1.396806
3868655927.830000	1.396806
3868655928.330000	1.391735
3868655928.829000	1.391735
3868655929.329000	1.391735
3868655929.829000	1.396806
3868655930.331000	1.396806
3868655930.834000	1.391735
3868655931.330000	1.396806
3868655931.829000	1.396806
3868655932.330000	1.391735
3868655932.830000	1.391735
3868655933.329000	1.391735
3868655933.829000	1.396806
3868655934.330000	1.391735
3868655934.830000	1.396806
3868655935.331000	1.391735
3868655935.830000	1.391735
3868655936.329000	1.396806
3868655936.831000	1.396806
3868655937.329000	1.396806
3868655937.831000	1.391735
3868655938.329000	1.391735
3868655938.829000	1.396806
3868655939.330000	1.391735
3868655939.831000	1.396806
3868655940.330000	1.391735
3868655940.829000	1.391735
3868655941.329000	1.391735
3868655941.830000	1.391735
3868655942.329000	1.396806
3868655942.829000	1.391735
3868655943.329000	1.391735
3868655943.830000	1.391735
3868655944.330000	1.396806
3868655944.832000	1.396806
3868655945.329000	1.391735
3868655945.829000	1.396806
3868655946.330000	1.396806
3868655946.829000	1.396806
3868655947.330000	1.391735
3868655947.829000	1.396806
3868655948.329000	1.391735
3868655948.829000	1.396806
3868655949.329000	1.391735
3868655949.829000	1.396806
3868655950.331000	1.391735
3868655950.829000	1.396806
3868655951.329000	1.391735
3868655951.829000	1.396806
3868655952.332000	1.396806
3868655952.830000	1.391735
3868655953.329000	1.396806
3868655953.831000	1.396806
3868655954.329000	1.391735
3868655954.836000	1.391735
3868655955.330000	1.391735
3868655955.829000	1.396806
3868655956.330000	1.396806
3868655956.831000	1.396806
3868655957.330000	1.391735
3868655957.829000	1.391735
3868655958.332000	1.391735
3868655958.829000	1.396806
3868655959.329000	1.391735
3868655959.831000	1.396806
3868655960.330000	1.391735
3868655960.829000	1.391735
3868655961.329000	1.391735
3868655961.830000	1.396806
3868655962.329000	1.391735
3868655962.829000	1.391735
3868655963.329000	1.396806
3868655963.831000	1.396806
3868655964.330000	1.396806
3868655964.829000	1.396806
3868655965.329000	1.396806
3868655965.829000	1.391735
3868655966.332000	1.396806
3868655966.829000	1.391735
3868655967.330000	1.391735
3868655967.829000	1.391735
3868655968.329000	1.391735
3868655968.830000	1.386664
3868655969.332000	1.391735
3868655969.829000	1.396806
3868655970.329000	1.396806
3868655970.829000	1.391735
3868655971.329000	1.396806
3868655971.829000	1.391735
3868655972.330000	1.396806
3868655972.829000	1.396806
3868655973.331000	1.391735
3868655973.834000	1.391735
3868655974.330000	1.396806
3868655974.829000	1.386664
3868655975.329000	1.396806
3868655975.830000	1.391735
3868655976.329000	1.391735
3868655976.830000	1.396806
3868655977.329000	1.391735
3868655977.830000	1.391735
3868655978.329000	1.396806
3868655978.829000	1.391735
3868655979.330000	1.391735
3868655979.829000	1.391735
3868655980.330000	1.391735
3868655980.829000	1.396806
3868655981.329000	1.391735
3868655981.829000	1.391735
3868655982.331000	1.396806
3868655982.829000	1.396806
3868655983.329000	1.396806
3868655983.832000	1.391735
3868655984.335000	1.396806
3868655984.830000	1.391735
3868655985.332000	1.396806
3868655985.830000	1.391735
3868655986.329000	1.391735
3868655986.829000	1.391735
3868655987.332000	1.391735
3868655987.829000	1.396806
3868655988.329000	1.391735
3868655988.831000	1.396806
3868655989.331000	1.396806
3868655989.831000	1.391735
3868655990.329000	1.391735
3868655990.829000	1.391735
3868655991.329000	1.391735
3868655991.829000	1.391735
3868655992.329000	1.396806
3868655992.830000	1.396806
3868655993.329000	1.396806
3868655993.829000	1.391735
3868655994.329000	1.391735
3868655994.830000	1.391735
3868655995.330000	1.396806
3868655995.831000	1.391735
3868655996.329000	1.396806
3868655996.829000	1.391735
3868655997.332000	1.391735
3868655997.829000	1.391735
3868655998.329000	1.391735
3868655998.830000	1.391735
3868655999.329000	1.396806
3868655999.830000	1.396806
3868656000.332000	1.396806
3868656000.830000	1.396806
3868656001.328000	1.396806
3868656001.829000	1.396806
3868656002.329000	1.391735
3868656002.829000	1.396806
3868656003.330000	1.396806
3868656003.829000	1.391735
3868656004.329000	1.396806
3868656004.830000	1.391735
3868656005.329000	1.391735
3868656005.829000	1.396806
3868656006.331000	1.391735
3868656006.829000	1.396806
3868656007.330000	1.396806
3868656007.830000	1.391735
3868656008.330000	1.396806
3868656008.828000	1.396806
3868656009.329000	1.396806
3868656009.830000	1.396806
3868656010.331000	1.396806
3868656010.829000	1.391735
3868656011.329000	1.391735
3868656011.829000	1.391735
3868656012.329000	1.391735
3868656012.830000	1.396806
3868656013.330000	1.391735
3868656013.830000	1.396806
3868656014.329000	1.391735
3868656014.829000	1.391735
3868656015.329000	1.396806
3868656015.829000	1.391735
3868656016.330000	1.391735
3868656016.831000	1.391735
3868656017.331000	1.391735
3868656017.830000	1.391735
3868656018.329000	1.391735
3868656018.830000	1.396806
3868656019.329000	1.396806
3868656019.829000	1.391735
3868656020.330000	1.391735
3868656020.829000	1.391735
3868656021.329000	1.391735
3868656021.829000	1.391735
3868656022.331000	1.396806
3868656022.830000	1.396806
3868656023.330000	1.391735
3868656023.829000	1.391735
3868656024.329000	1.391735
3868656024.829000	1.396806
3868656025.331000	1.396806
3868656025.829000	1.391735
3868656026.333000	1.391735
3868656026.831000	1.391735
3868656027.329000	1.391735
3868656027.829000	1.396806
3868656028.332000	1.396806
3868656028.829000	1.391735
3868656029.329000	1.391735
3868656029.829000	1.396806
3868656030.329000	1.391735
3868656030.829000	1.391735
3868656031.330000	1.391735
3868656031.831000	1.391735
3868656032.332000	1.396806
3868656032.832000	1.391735
3868656033.333000	1.391735
3868656033.832000	1.396806
3868656034.332000	1.396806
3868656034.832000	1.391735
3868656035.332000	1.391735
3868656035.833000	1.396806
3868656036.329000	1.396806
3868656036.829000	1.391735
3868656037.332000	1.391735
3868656037.830000	1.391735
3868656038.335000	1.396806
3868656038.831000	1.391735
3868656039.332000	1.391735
3868656039.833000	1.391735
3868656040.333000	1.391735
3868656040.831000	1.391735
3868656041.332000	1.396806
3868656041.834000	1.391735
3868656042.331000	1.391735
3868656042.831000	1.396806
3868656043.334000	1.391735
3868656043.850000	1.396806
3868656044.332000	1.391735
3868656044.831000	1.391735
3868656045.332000	1.391735
3868656045.832000	1.396806
3868656046.333000	1.396806
3868656046.834000	1.391735
3868656047.332000	1.391735
3868656047.832000	1.396806
3868656048.335000	1.391735
3868656048.829000	1.396806
3868656049.333000	1.391735
3868656049.833000	1.391735
3868656050.330000	1.396806
3868656050.832000	1.396806
3868656051.333000	1.391735
3868656051.834000	1.396806
3868656052.331000	1.391735
3868656052.831000	1.391735
3868656053.332000	1.391735
3868656053.832000	1.391735
3868656054.331000	1.391735
3868656054.832000	1.391735
3868656055.332000	1.391735
3868656055.832000	1.391735
3868656056.332000	1.396806
3868656056.832000	1.396806
3868656057.331000	1.391735
3868656057.833000	1.391735
3868656058.332000	1.391735
3868656058.831000	1.391735
3868656059.332000	1.391735
3868656059.831000	1.391735
3868656060.331000	1.396806
3868656060.831000	1.396806
3868656061.331000	1.396806
3868656061.832000	1.391735
3868656062.331000	1.391735
3868656062.831000	1.396806
3868656063.332000	1.391735
3868656063.833000	1.391735
3868656064.331000	1.396806
3868656064.831000	1.396806
3868656065.333000	1.391735
3868656065.831000	1.391735
3868656066.331000	1.391735
3868656066.832000	1.396806
3868656067.331000	1.396806
3868656067.832000	1.396806
3868656068.332000	1.391735
3868656068.832000	1.391735
3868656069.332000	1.391735
3868656069.832000	1.396806
3868656070.331000	1.396806
3868656070.831000	1.391735
3868656071.332000	1.391735
3868656071.832000	1.391735
3868656072.332000	1.396806
3868656072.831000	1.396806
3868656073.332000	1.391735
3868656073.832000	1.391735
3868656074.331000	1.391735
3868656074.831000	1.396806
3868656075.332000	1.396806
3868656075.831000	1.391735
3868656076.331000	1.396806
3868656076.831000	1.396806
3868656077.332000	1.391735
3868656077.831000	1.396806
3868656078.328000	1.391735
3868656078.832000	1.396806
3868656079.331000	1.391735
3868656079.832000	1.391735
3868656080.331000	1.396806
3868656080.832000	1.391735
3868656081.332000	1.396806
3868656081.832000	1.391735
3868656082.332000	1.396806
3868656082.831000	1.396806
3868656083.331000	1.391735
3868656083.832000	1.396806
3868656084.332000	1.391735
3868656084.832000	1.396806
3868656085.332000	1.391735
3868656085.833000	1.396806
3868656086.332000	1.391735
3868656086.831000	1.391735
3868656087.334000	1.391735
3868656087.831000	1.391735
3868656088.331000	1.391735
3868656088.832000	1.396806
3868656089.331000	1.396806
3868656089.832000	1.396806
3868656090.331000	1.391735
3868656090.832000	1.396806
3868656091.331000	1.391735
3868656091.831000	1.396806
3868656092.330000	1.396806
3868656092.831000	1.391735
3868656093.332000	1.391735
3868656093.833000	1.391735
3868656094.331000	1.396806
3868656094.831000	1.391735
3868656095.330000	1.391735
3868656095.833000	1.391735
3868656096.332000	1.391735
3868656096.833000	1.391735
3868656097.332000	1.396806
3868656097.833000	1.391735
3868656098.331000	1.396806
3868656098.832000	1.391735
3868656099.331000	1.391735
3868656099.831000	1.391735
3868656100.331000	1.396806
3868656100.831000	1.391735
3868656101.332000	1.396806
3868656101.834000	1.391735
3868656102.332000	1.396806
3868656102.832000	1.396806
3868656103.332000	1.396806
3868656103.831000	1.391735
3868656104.331000	1.391735
3868656104.832000	1.391735
3868656105.331000	1.396806
3868656105.832000	1.391735
3868656106.330000	1.396806
3868656106.833000	1.396806
3868656107.331000	1.391735
3868656107.831000	1.391735
3868656108.332000	1.391735
3868656108.832000	1.391735
3868656109.330000	1.396806
3868656109.832000	1.391735
3868656110.331000	1.391735
3868656110.833000	1.391735
3868656111.332000	1.391735
3868656111.832000	1.391735
3868656112.332000	1.391735
3868656112.832000	1.391735
3868656113.332000	1.396806
3868656113.832000	1.396806
3868656114.332000	1.391735
3868656114.832000	1.396806
3868656115.332000	1.396806
3868656115.832000	1.396806
3868656116.332000	1.396806
3868656116.833000	1.391735
3868656117.332000	1.391735
3868656117.832000	1.396806
3868656118.332000	1.396806
3868656118.832000	1.391735
3868656119.331000	1.396806
3868656119.831000	1.391735
3868656120.333000	1.391735
3868656120.832000	1.396806
3868656121.332000	1.396806
3868656121.832000	1.396806
3868656122.330000	1.396806
3868656122.831000	1.391735
3868656123.331000	1.391735
3868656123.830000	1.396806
3868656124.331000	1.391735
3868656124.830000	1.391735
3868656125.331000	1.396806
3868656125.831000	1.391735
3868656126.331000	1.396806
3868656126.831000	1.396806
3868656127.330000	1.396806
3868656127.831000	1.391735
3868656128.332000	1.391735
3868656128.831000	1.396806
3868656129.332000	1.396806
3868656129.832000	1.391735
3868656130.332000	1.396806
3868656130.831000	1.391735
3868656131.333000	1.391735
3868656131.831000	1.396806
3868656132.331000	1.396806
3868656132.832000	1.396806
3868656133.331000	1.396806
3868656133.831000	1.391735
3868656134.332000	1.391735
3868656134.831000	1.396806
3868656135.331000	1.396806
3868656135.831000	1.391735
3868656136.332000	1.396806
3868656136.831000	1.396806
3868656137.331000	1.391735
3868656137.832000	1.391735
3868656138.332000	1.396806
3868656138.831000	1.391735
3868656139.331000	1.391735
3868656139.830000	1.391735
3868656140.331000	1.396806
3868656140.830000	1.391735
3868656141.332000	1.391735
3868656141.832000	1.391735
3868656142.332000	1.396806
3868656142.833000	1.396806
3868656143.355000	1.391735
3868656143.834000	1.391735
3868656144.329000	1.396806
3868656144.833000	1.396806
3868656145.331000	1.391735
3868656145.835000	1.391735
3868656146.333000	1.391735
3868656146.831000	1.396806
